# # mean-theta [arcmin], ph1_p, ph1_m, weight
7.857472870486355010e-01 2.441369169969409766e-10 -1.534775426862984086e-11 7.936765800000000000e+07
1.598237582003323443e+00 1.685204990456940392e-10 1.493826198702672278e-11 3.164770440000000000e+08
3.251701620640236268e+00 7.867843251846394097e-11 -1.415223756122632249e-11 1.243077584000000000e+09
6.621990066138841335e+00 4.111925456130557534e-11 -6.485922979799761947e-12 4.825767058000000000e+09
1.350250043884817508e+01 2.360739232980278448e-11 9.533422093352054818e-13 1.922196702200000000e+10
2.744641899466633106e+01 1.395032374685142143e-11 6.600384228813282034e-13 7.621712198800000000e+10
5.571584035476652730e+01 6.438448667871818264e-12 5.078114806196725010e-13 2.897421975620000000e+11
1.126715163802590070e+02 3.828402887590844238e-12 4.487638166341107989e-13 1.014658557642000000e+12
2.238567681419696385e+02 3.627985197386392627e-12 2.912836266027640868e-13 2.707414089498000000e+12
