# # mean-theta [arcmin], ph2_p, ph2_m, weight
7.858811322175349723e-01 -9.525117545619982113e-11 -2.337776906785744397e-11 3.816307600000000000e+07
1.598600331812438213e+00 -7.708508913203298377e-11 -8.813993349186784123e-12 1.526494040000000000e+08
3.252473203405448210e+00 -1.356212523681495964e-10 -2.848343602742994663e-11 6.050324460000000000e+08
6.623775990826207938e+00 -8.770839819940280097e-11 2.789158990936707752e-11 2.368150338000000000e+09
1.350073878972193597e+01 -9.723834548672846847e-12 2.811305606488250384e-12 9.458337310000000000e+09
2.745051537951388454e+01 -1.197193585881762053e-11 -3.503354460093068967e-12 3.752476424200000000e+10
5.576728450122885050e+01 -8.275739136616588011e-12 -1.778208946402570062e-12 1.438641810240000000e+11
1.131812454664130172e+02 -4.814970590487672537e-12 8.598952959739937576e-14 5.314522199280000000e+11
2.275705740108315354e+02 -4.838750990462266575e-12 1.020711615991563794e-13 1.688278145448000000e+12
