# # mean-theta [arcmin], ph3_p, ph3_m, weight
7.868364133336478439e-01 1.494434632866702895e-07 -2.499314462015054718e-09 1.423330320000000000e+08
1.601278043413412844e+00 7.524651603846511938e-08 3.251107265366402932e-10 5.798727720000000000e+08
3.260197921654512943e+00 4.776620987223881422e-09 4.141970197903411041e-09 2.369375252000000000e+09
6.637489838854459201e+00 -1.689615632713805857e-09 5.141499714203893824e-09 9.671539812000000000e+09
1.351011908350058732e+01 1.184685802961802773e-09 -1.062240735822145007e-10 3.979454548200000000e+10
2.749509986303050724e+01 5.705277502552856179e-10 1.668294023324135260e-10 1.623932321940000000e+11
5.589545003476949603e+01 5.651052168018229305e-10 -1.957489018386073258e-12 6.499982431250000000e+11
1.135790448640622969e+02 4.836672771156865793e-10 -7.571868844163528109e-15 2.510838854855000000e+12
2.304722932098670753e+02 4.497705725020827429e-10 3.233456783179293884e-11 9.280473999060000000e+12
