# # mean-theta [arcmin], ph3_p, ph3_m, weight
7.858811322175346392e-01 -2.466595420514601891e-08 2.573412026631371325e-09 3.816307600000000000e+07
1.598600331812437769e+00 -2.061817649890243861e-08 -6.797525188242936727e-10 1.526494040000000000e+08
3.252473203405445989e+00 -1.447657823720230982e-08 -2.909983855297184202e-10 6.050324460000000000e+08
6.623775990826199944e+00 -3.212600834076011078e-09 8.748050912629047961e-11 2.368150338000000000e+09
1.350073878972193597e+01 2.812317426235680418e-10 3.993622322336412098e-11 9.458337310000000000e+09
2.745051537951389165e+01 1.523159076928665399e-11 7.123622419698297743e-11 3.752476424200000000e+10
5.576728450122873681e+01 6.163598819631696293e-11 -2.080577576083587518e-11 1.438641810240000000e+11
1.131812454664131309e+02 5.856063650942095868e-11 -3.841206856116660697e-12 5.314522199280000000e+11
2.275705740108313648e+02 6.408158529696681341e-11 5.068235561277725619e-12 1.688278145448000000e+12
