1.257105017601192198e-01 -1.080479246145159387e-06
1.854095079704069227e-01 -8.832766187991903751e-08
2.742280704496319887e-01 -6.283659683327040528e-07
4.056711615172504115e-01 -2.851393567192085460e-07
5.997674846755113309e-01 -2.575469741423432597e-07
8.869843898903039259e-01 -3.947261821224165454e-07
1.311360219240915503e+00 -2.203161765571653576e-07
1.939254672142311620e+00 -1.622545020214273787e-08
2.867411465848840102e+00 1.454609908841186419e-07
4.240058232568047814e+00 3.035068366470433398e-07
6.270278553500342689e+00 3.812023067666577256e-07
9.276281334593372563e+00 3.849126296844254694e-07
1.370991461137179357e+01 3.609126564823667546e-07
2.027770117862213795e+01 3.217222456238841712e-07
2.998059869320890414e+01 2.527159554292185341e-07
4.432152922654890403e+01 2.076201478612600893e-07
6.551530206867334982e+01 1.748794733361518898e-07
9.684721141387402099e+01 1.457384965766565667e-07
1.431784569061323964e+02 1.306112686720453339e-07
2.116033842387978723e+02 1.126917146470854292e-07
