1.253224977065917900e-01 8.539180387779667170e-06 4.892921143014122077e-06
1.854684425966838801e-01 4.794624765324371011e-06 3.303056337734556381e-06
2.743586648657310723e-01 3.584392015775148101e-06 2.341600250039561531e-06
4.056592696766543327e-01 1.930650231751864121e-06 1.159768615477680280e-06
5.998265150500953213e-01 1.838336098806788416e-06 1.477868630954710732e-06
8.868530783122242633e-01 1.855296680540040120e-06 1.052435861268236951e-06
1.311317285043900549e+00 2.222478112630955809e-06 7.467565874221744080e-07
1.939034205331346072e+00 2.460129359700362679e-06 7.469059985755002810e-07
2.867294701921629052e+00 2.632966868608464125e-06 6.989273373109854472e-07
4.240007439095901276e+00 2.930970777931588176e-06 6.991845649283972683e-07
6.270357726821224276e+00 2.730853763923575149e-06 6.765458838114138365e-07
9.274746952478304607e+00 2.817898916313481850e-06 6.479494028756757136e-07
1.371233099360724772e+01 2.586203567443174235e-06 6.159931702198677404e-07
2.027925000844370018e+01 2.530863847649145323e-06 6.239248424562505708e-07
2.998685467766068413e+01 2.474921950819765701e-06 6.269003666069861786e-07
4.433796867234747907e+01 2.615738648655070097e-06 6.444203927900464651e-07
6.555362772218879286e+01 2.570924601243528758e-06 5.806087794331368359e-07
9.691940883642301685e+01 2.044591420615559684e-06 5.001145510814309296e-07
1.432838371655150240e+02 1.952757415627969862e-06 4.624901604898638287e-07
2.118190805891487969e+02 1.870704865090266509e-06 4.563699366584045158e-07
