1.253224977065917900e-01 -1.665955017072193412e-07 2.409367782919035918e-07
1.854684425966838801e-01 4.511373733764766592e-07 2.274358725912185000e-07
2.743586648657310723e-01 7.309944423114943839e-07 2.798178960552521887e-07
4.056592696766543327e-01 8.575059418862477141e-07 2.421806849272787394e-07
5.998265150500953213e-01 7.947182544170338438e-07 1.925603561230568335e-07
8.868530783122242633e-01 1.228651122778218430e-06 2.654473915486061902e-07
1.311317285043900549e+00 9.475820228020283347e-07 2.731856775092164762e-07
1.939034205331346072e+00 1.533652795487338500e-06 2.582398910511244105e-07
2.867294701921629052e+00 8.478745068461844536e-07 2.348791873189112251e-07
4.240007439095901276e+00 4.563945204242539323e-07 2.528502026222085746e-07
6.270357726821224276e+00 4.896135591839034469e-07 2.245649025591509741e-07
9.274746952478304607e+00 8.932283381556025645e-07 2.665692672192102990e-07
1.371233099360724772e+01 5.347393584297220320e-07 2.167267519092923859e-07
2.027925000844370018e+01 1.031157641105284233e-06 3.751178357590867022e-07
2.998685467766068413e+01 6.051836514231236944e-07 3.399188891975329362e-07
4.433796867234747907e+01 1.641703632212054417e-06 3.276967129345944358e-07
6.555362772218879286e+01 1.985421771930427965e-06 3.962458355582665483e-07
9.691940883642301685e+01 1.881900782704831588e-06 6.748638369379364052e-07
1.432838371655150240e+02 3.132966844949668262e-06 1.048974859832646515e-06
2.118190805891487969e+02 5.739703316980389851e-06 1.531956590689661405e-06
