1.257105017601192198e-01 2.756206782504238087e-06
1.854095079704069227e-01 2.316305442101742001e-06
2.742280704496319887e-01 2.304373221948926423e-06
4.056711615172504115e-01 1.991963258175526049e-06
5.997674846755113309e-01 1.796559157476085510e-06
8.869843898903039259e-01 1.520141750456216499e-06
1.311360219240915503e+00 1.076562134763529116e-06
1.939254672142311620e+00 5.534937699926566801e-07
2.867411465848840102e+00 1.267295897832066475e-07
4.240058232568047814e+00 -9.300634793298526543e-08
6.270278553500342689e+00 -3.325001238125748420e-08
9.276281334593372563e+00 2.842320161097221388e-08
1.370991461137179357e+01 8.137731289430802481e-09
2.027770117862213795e+01 4.473260056929597153e-09
2.998059869320890414e+01 4.686467732731746054e-09
4.432152922654890403e+01 5.746306636905390879e-09
6.551530206867334982e+01 3.784095851562336671e-09
9.684721141387402099e+01 3.028019104133129708e-09
1.431784569061323964e+02 3.428858099568597911e-09
2.116033842387978723e+02 2.716521622429398257e-09
