1.253224977065917900e-01 -5.520346401013031923e-09 3.225880603669495181e-08
1.854684425966838801e-01 -4.654736716109547673e-08 2.944633980362553285e-08
2.743586648657310723e-01 2.770059225508173206e-08 2.862311508857771065e-08
4.056592696766543327e-01 -4.461824050711802331e-08 3.657398602089885976e-08
5.998265150500953213e-01 -1.552637877487368861e-08 2.582387831992816342e-08
8.868530783122242633e-01 5.047080131849792435e-09 3.061635140840949911e-08
1.311317285043900549e+00 1.595643215000843263e-08 2.766415815636033273e-08
1.939034205331346072e+00 -5.592178348527508483e-08 2.850166210974575847e-08
2.867294701921629052e+00 -4.014654246045319323e-08 3.430613449141898166e-08
4.240007439095901276e+00 -2.441930388873671942e-08 2.591033938018000548e-08
6.270357726821224276e+00 5.783835398980501733e-08 4.521442649883023001e-08
9.274746952478304607e+00 -2.907931518064160768e-08 4.064130148981887730e-08
1.371233099360724772e+01 3.106885373252232284e-09 4.031709914308122708e-08
2.027925000844370018e+01 4.730147238258576316e-08 3.588173404257943755e-08
2.998685467766068413e+01 4.004811485155213830e-08 5.552220451952244827e-08
4.433796867234747907e+01 4.933968319164875346e-08 5.095207884021449445e-08
6.555362772218879286e+01 3.178556869115343309e-08 6.698030829241926580e-08
9.691940883642301685e+01 7.064680283498396346e-08 1.018430093684420741e-07
1.432838371655150240e+02 2.335143856997079536e-07 1.479689237236264722e-07
2.118190805891487969e+02 2.991176362967917637e-07 2.324766134148343034e-07
