1.257105017601192198e-01 -3.168295988994016556e-08
1.854095079704069227e-01 -4.399693695209925114e-08
2.742280704496319887e-01 -3.990227311572249480e-08
4.056711615172504115e-01 -3.474247662667383255e-08
5.997674846755113309e-01 -3.170104152917212450e-08
8.869843898903039259e-01 -2.995273688045401407e-08
1.311360219240915503e+00 -2.199403012154939129e-08
1.939254672142311620e+00 -1.680401145880335302e-08
2.867411465848840102e+00 -1.026856077035121951e-08
4.240058232568047814e+00 -4.265615028287632722e-09
6.270278553500342689e+00 -8.544714124319501079e-10
9.276281334593372563e+00 -6.237926587393991152e-10
1.370991461137179357e+01 -1.067892586957631236e-09
2.027770117862213795e+01 -6.820691145795190623e-10
2.998059869320890414e+01 -3.690274920769929802e-10
4.432152922654890403e+01 -3.252520889412348133e-10
6.551530206867334982e+01 -1.651323521820766603e-10
9.684721141387402099e+01 -1.033318394217538700e-10
1.431784569061323964e+02 -1.273627001497962517e-11
2.116033842387978723e+02 2.691527997538019529e-11
