# # mean-theta [arcmin], ph1_p, ph1_m, weight
7.852432086820775314e-01 2.773495069338364436e-10 -9.262866477504218295e-12 2.162904000000000000e+06
1.598725873287829335e+00 1.251323441752056629e-10 -1.910943688957771375e-12 8.630884000000000000e+06
3.253745096090549627e+00 4.048617495979885683e-11 -2.993195529785183753e-12 3.432572200000000000e+07
6.623225381690708957e+00 1.522840903416696779e-11 -7.015116248508349964e-13 1.351985900000000000e+08
1.349113819973898565e+01 8.532376862733016381e-12 -1.208500447667106727e-12 5.357181220000000000e+08
2.744547192469357810e+01 5.913496695525830462e-12 6.355492170709080803e-13 2.115525446000000000e+09
5.567776217050656129e+01 2.888644302009270737e-12 -1.621476978919018663e-13 8.024873388000000000e+09
1.121235210952359012e+02 1.164055679052916528e-12 2.356984122043772286e-13 2.664441391800000000e+10
2.228675286395584578e+02 -5.827599248815465548e-13 -4.890433310313196501e-14 6.457220719800000000e+10
