# # mean-theta [arcmin], ph2_p, ph2_m, weight
7.852432086820777535e-01 -2.230055691426426263e-10 6.492688035200720173e-12 2.162904000000000000e+06
1.598725873287830890e+00 -5.034350374208428124e-11 -3.434809760963017568e-11 8.630884000000000000e+06
3.253745096090548294e+00 -5.461925700813411805e-11 -9.421478956810753695e-12 3.432572200000000000e+07
6.623225381690711622e+00 -1.609305982796946934e-11 -3.512363107231162794e-12 1.351985900000000000e+08
1.349113819973896966e+01 6.500658370647141721e-13 7.290885515527592599e-12 5.357181220000000000e+08
2.744547192469351415e+01 7.570395382272249524e-12 -9.191053943718361305e-13 2.115525446000000000e+09
5.567776217050659682e+01 8.496615277937473348e-12 2.460598540829790717e-12 8.024873388000000000e+09
1.121235210952359012e+02 5.877331831358352588e-12 8.898996625496080991e-13 2.664441391800000000e+10
2.228675286395584578e+02 5.306475893340433794e-12 -1.807448589144928549e-12 6.457220719800000000e+10
