# # mean-theta [arcmin], ph2_p, ph2_m, weight
7.851504032643827902e-01 -4.935560166012342382e-10 -1.544489017357744618e-12 1.816246000000000000e+06
1.598075779155853748e+00 -2.869602804457002334e-10 -1.078695377887409308e-11 7.265020000000000000e+06
3.252948823313624782e+00 -6.588044166745244876e-11 8.633642545649706922e-13 2.874853600000000000e+07
6.622023317851234658e+00 -4.071865540817017465e-11 9.548299610320665646e-12 1.129097600000000000e+08
1.349049891753425356e+01 -1.124523171346874635e-11 6.304248680966236829e-12 4.472695480000000000e+08
2.742319204295385404e+01 -1.164207454028149870e-11 5.293032210168685733e-12 1.752629164000000000e+09
5.554164017463266845e+01 -7.798741079948020913e-12 -3.890985840292867885e-13 6.433512306000000000e+09
1.114287964750410822e+02 -5.735906852840787974e-12 -2.259443881164410972e-12 1.979418441800000000e+10
2.235272454079578210e+02 -5.552079311095660490e-12 -3.358326906116726098e-12 4.487457508200000000e+10
