# # mean-theta [arcmin], ph1_p, ph1_m, weight
7.853104614327004462e-01 3.931929701576155760e-08 1.690599657842773004e-08 7.304440000000000000e+05
1.598547379310717220e+00 1.881895799835097688e-08 -2.212642343900259576e-09 2.914742000000000000e+06
3.253787837874787758e+00 3.526176119993628229e-09 6.532110518066952049e-10 1.156769800000000000e+07
6.619610123745005126e+00 3.883514176381602192e-10 -1.139457684756123130e-10 4.532464000000000000e+07
1.346805973807281731e+01 3.678808821418520196e-11 -3.552567788548797094e-11 1.761884640000000000e+08
2.732656360571267484e+01 4.147544826032759505e-12 -1.044885893712895675e-12 6.547378720000000000e+08
5.513299904537741014e+01 2.033431683057126410e-11 -6.108156932331651077e-11 2.175405832000000000e+09
1.084244790315991338e+02 -2.813345841062292429e-12 3.003656402207821077e-12 4.933012228000000000e+09
2.213126438008979733e+02 2.103799871385745699e-12 -8.205817439521808546e-13 8.018485606000000000e+09
