# # mean-theta [arcmin], ph3_p, ph3_m, weight
7.853104614327002242e-01 1.097519899049309998e-07 1.907427475746085811e-08 7.304440000000000000e+05
1.598547379310716998e+00 4.808029928554268501e-08 -9.272915087182873586e-09 2.914742000000000000e+06
3.253787837874787758e+00 1.163714402334874260e-08 2.592236319979048942e-10 1.156769800000000000e+07
6.619610123744997132e+00 2.618073903118097685e-09 -4.109251227891286094e-10 4.532464000000000000e+07
1.346805973807280843e+01 1.496095275142491349e-09 -1.711028844737832507e-10 1.761884640000000000e+08
2.732656360571271748e+01 1.118148222559357450e-09 7.337687513009062566e-11 6.547378720000000000e+08
5.513299904537743146e+01 8.636279642874232733e-10 -2.181562569973693107e-10 2.175405832000000000e+09
1.084244790315990912e+02 8.534036708026262537e-10 4.721581565887413514e-11 4.933012228000000000e+09
2.213126438008979733e+02 8.295862480073775015e-10 5.713440790625011957e-10 8.018485606000000000e+09
