[0.17092842 0.19764412 0.21395353 0.22715975 0.23728054 0.24602373
 0.25430435 0.2623813  0.26998589 0.27734513 0.28458363 0.29168248
 0.29877631 0.30601564 0.3135163  0.321294   0.32940697 0.33792362
 0.3467062 ]
[ 1.00028501e-03  2.96492299e-05  1.18909556e-04  1.29330717e-04
  8.23988736e-04  3.03485210e-04 -5.42457395e-04  2.80139778e-04
 -2.18370133e-04  1.07725696e-03  4.35280812e-04 -8.69805925e-05
  3.16281176e-04  3.25736195e-04 -2.00850432e-04 -3.37593905e-04
  3.20865290e-04  4.48695815e-04 -1.74511197e-04]
[-4.95907676e-04  2.27362625e-04  2.59700569e-04 -4.24470866e-04
  8.64212503e-05 -3.43744360e-04  3.82555915e-04  7.86303415e-05
 -2.17416816e-04 -4.50528184e-04 -5.78103882e-05 -1.71764480e-03
  5.62581075e-04 -3.99842017e-05 -4.43299668e-04 -4.33428204e-04
 -1.57904751e-04  3.67622747e-04 -4.93342161e-04]
[0.00042044 0.00042318 0.00042294 0.00042272 0.00042283 0.00042338
 0.00042398 0.00042355 0.00042341 0.00042328 0.00042375 0.00042386
 0.00042375 0.00042351 0.00042478 0.00042515 0.00042505 0.00042411
 0.00042425]
[0.00042164 0.00042397 0.00042402 0.00042355 0.00042348 0.00042551
 0.00042498 0.000425   0.00042463 0.00042481 0.00042574 0.00042502
 0.00042533 0.00042566 0.00042583 0.0004262  0.00042612 0.00042639
 0.0004266 ]
[4.75386603e-04 4.06912719e-04 3.65110736e-04 3.31262420e-04
 3.05322262e-04 2.82912953e-04 2.61689235e-04 2.40987542e-04
 2.21496529e-04 2.02634377e-04 1.84081678e-04 1.65886895e-04
 1.47705006e-04 1.29150178e-04 1.09925531e-04 8.99908400e-05
 6.91968156e-05 4.73681465e-05 2.48578866e-05]
[-6.83256515e-05 -9.61358819e-05 -1.13113490e-04 -1.26860768e-04
 -1.37396197e-04 -1.46497595e-04 -1.55117472e-04 -1.63525332e-04
 -1.71441483e-04 -1.79102225e-04 -1.86637285e-04 -1.94026980e-04
 -2.01411438e-04 -2.08947363e-04 -2.16755331e-04 -2.24851678e-04
 -2.33297038e-04 -2.42162612e-04 -2.51305011e-04]
