[-0.02268034 -0.01465928 -0.01024202 -0.00725326 -0.00491861 -0.00298541
 -0.00128913  0.00025544  0.00175135  0.00319783  0.00464874  0.00614809
  0.00769369  0.00933855  0.01113167  0.01321546  0.01578929  0.01910283
  0.02391096]
[-0.02253938 -0.01467993 -0.010253   -0.00727631 -0.00493439 -0.00299402
 -0.00130219  0.0002478   0.00174276  0.00319301  0.00463356  0.00613806
  0.00768389  0.00932475  0.01111291  0.01320135  0.01577412  0.01906631
  0.0239076 ]
[-6.90483319e-04  1.24559214e-04 -3.44086364e-05 -4.07039757e-04
  2.54779874e-04  3.74462480e-05 -1.34222682e-04 -7.52036783e-05
  1.26723770e-04  5.51730830e-05  2.82317094e-04  1.14158051e-04
  2.21578362e-04  1.92929599e-05 -2.69905695e-04  2.63306819e-04
 -3.11375998e-05  3.99119443e-04  1.05335164e-04]
[ 3.28665977e-04  9.51930135e-05 -5.90926797e-04 -2.06149979e-04
 -3.49291405e-04  1.40145473e-05 -4.00075800e-05 -6.74827849e-05
  7.12162397e-06 -2.03385920e-04  4.89694785e-04 -1.13369752e-04
  5.49392119e-05 -1.17199030e-04  3.30451641e-04  2.77718392e-04
  1.06600442e-04 -2.74868817e-04  2.10008474e-04]
[ 7.98426632e-06 -3.23817236e-04 -1.98296665e-04  1.26391339e-04
  3.22446990e-05  3.01308626e-04  1.33794365e-04  2.06282208e-04
 -1.86846564e-04 -1.77900072e-04 -6.66824124e-04  6.88929859e-04
 -6.25949715e-05 -1.71744637e-05 -2.46621944e-04  1.07664394e-04
  2.00638908e-04  5.61356799e-04 -6.97707534e-05]
[-3.78310698e-05  3.22459032e-04  2.03218566e-04  7.43086209e-05
  1.99057575e-04 -2.54335337e-04 -3.01611782e-04  7.05120071e-05
  1.87357161e-04  1.60102041e-04 -7.00857586e-06  1.13266162e-04
  1.55715059e-04 -4.13196136e-04 -6.29677160e-05 -6.49043709e-05
 -4.07530097e-04 -1.23007907e-05  3.48220213e-04]
[0.00029968 0.00029771 0.0003026  0.00030429 0.00030418 0.00030409
 0.00030775 0.0003074  0.00030311 0.00031419 0.00030437 0.00030871
 0.00030287 0.00030733 0.00030597 0.00029892 0.00030183 0.00030168
 0.00029894]
[0.00030014 0.00029886 0.00030331 0.00030495 0.00030598 0.00030491
 0.00030896 0.00030831 0.00030401 0.00031464 0.00030562 0.00030994
 0.00030461 0.00030811 0.00030702 0.00029993 0.00030201 0.00030273
 0.00029957]
[0.00023546 0.00022369 0.00022959 0.00023965 0.00025503 0.00026712
 0.00028205 0.00029452 0.00029523 0.00031657 0.00031931 0.00034024
 0.00035057 0.00037003 0.0003912  0.00040384 0.00041448 0.0004422
 0.00045919]
[0.00023642 0.00022437 0.00022979 0.00024038 0.00025609 0.00026789
 0.00028332 0.00029524 0.00029632 0.00031746 0.00031955 0.00034128
 0.00035187 0.0003704  0.00039356 0.00040445 0.00041581 0.00044364
 0.00046098]
[-2.81505291e-04 -1.86545221e-04 -1.34250104e-04 -9.88666019e-05
 -7.12271371e-05 -4.83402704e-05 -2.82582749e-05 -9.97233198e-06
  7.73739352e-06  2.48620402e-05  4.20391600e-05  5.97897488e-05
  7.80877570e-05  9.75610730e-05  1.18789484e-04  1.43459179e-04
  1.73930281e-04  2.13158683e-04  2.70081389e-04]
[-9.58940325e-05 -6.57657884e-05 -4.91739721e-05 -3.79477505e-05
 -2.91785010e-05 -2.19171215e-05 -1.55456513e-05 -9.74401957e-06
 -4.12520597e-06  1.30797804e-06  6.75781038e-06  1.23895888e-05
  1.81950485e-05  2.43734013e-05  3.11085979e-05  3.89356202e-05
  4.86032713e-05  6.10493747e-05  7.91093993e-05]
[-1.20815973e-04 -7.73705428e-05 -5.28994320e-05 -3.64449040e-05
 -2.34992484e-05 -1.27732574e-05 -3.42116868e-06  5.14685698e-06
  1.34106438e-05  2.14273668e-05  2.93904315e-05  3.77069918e-05
  4.62519944e-05  5.53223144e-05  6.52069319e-05  7.67513566e-05
  9.09731192e-05  1.09171674e-04  1.35933285e-04]
[ 1.39977586e-04  1.02302987e-04  8.10823597e-05  6.68134769e-05
  5.55873851e-05  4.62861212e-05  3.81762649e-05  3.07463250e-05
  2.35802122e-05  1.66283457e-05  9.72301021e-06  2.51113379e-06
 -4.89884123e-06 -1.27643560e-05 -2.13360055e-05 -3.13469911e-05
 -4.36796853e-05 -5.94609364e-05 -8.26678184e-05]
