[10.45559908 11.20605968 12.00442106 12.80388197 13.6023614  14.45156719
 15.4000661  16.39918921 17.49780475 18.69698212 19.99535087 21.44246586
 23.08736746 24.98411811 27.12846677 29.61752598 32.60483141 36.23714425
 40.70847725]
[-1.74550703e-03 -1.83246566e-03 -1.67794357e-03 -1.73559783e-03
 -6.90288425e-04 -8.48570684e-04  1.12552783e-04 -8.40031711e-04
 -7.19998638e-04 -5.37019944e-04  5.56539310e-04  9.13337939e-04
  9.82754768e-06  4.07499456e-04  2.35671143e-04  8.44452347e-04
  8.85972295e-04  1.30475515e-03  4.98499470e-04]
[-8.42573101e-05  7.81597575e-04  2.84549142e-04  5.10901746e-05
 -5.26761015e-04 -5.70238797e-04 -3.75172912e-04 -1.24837464e-04
  9.98575740e-05 -1.99202203e-04  4.03081943e-04  8.94935298e-04
  8.45791867e-04 -6.25441769e-05 -3.56007914e-04 -1.09549052e-04
  1.32043968e-04  3.12066088e-04 -3.82270333e-05]
[0.00050303 0.00045097 0.00043957 0.00043428 0.0004319  0.00040451
 0.00038342 0.0003869  0.00035594 0.00036249 0.00034233 0.0003394
 0.00031916 0.0003148  0.00030712 0.00030012 0.00028937 0.00028412
 0.00028015]
[0.00050776 0.00045488 0.00044479 0.00043874 0.00043574 0.0004066
 0.00038489 0.00038897 0.00035777 0.00036299 0.00034295 0.00033971
 0.00031917 0.00031515 0.00030733 0.00029919 0.00028891 0.00028391
 0.00028022]
[-1.05546036e-03 -9.94031207e-04 -9.28681127e-04 -8.63241046e-04
 -7.97881303e-04 -7.28369341e-04 -6.50729715e-04 -5.68946232e-04
 -4.79018769e-04 -3.80859793e-04 -2.74581479e-04 -1.56127503e-04
 -2.14836528e-05  1.33775367e-04  3.09301588e-04  5.13044179e-04
  7.57570846e-04  1.05489476e-03  1.42089689e-03]
[6.20800142e-05 6.35536939e-05 6.51214363e-05 6.66913378e-05
 6.82593120e-05 6.99268976e-05 7.17894650e-05 7.37514433e-05
 7.59087948e-05 7.82636196e-05 8.08132266e-05 8.36549265e-05
 8.68850201e-05 9.06096697e-05 9.48205276e-05 9.97082936e-05
 1.05574466e-04 1.12707239e-04 1.21487597e-04]
