[0.09308725 0.14600792 0.18828073 0.22723048 0.26521729 0.30358253
 0.34421443 0.38777476 0.43535689 0.48706927 0.54395356 0.60928501
 0.68347738 0.77194156 0.87634067 1.00650366 1.17664544 1.41374032
 1.79841978]
[ 0.00240756  0.00155004  0.00181454  0.00159193  0.00123577  0.00148288
  0.00168204  0.00088434  0.00104023  0.00028615 -0.00040338 -0.0001278
  0.00023663 -0.00036508 -0.00030758 -0.00042744 -0.00052623 -0.00159373
 -0.00158255]
[ 8.40933270e-04 -1.74424156e-04 -9.85992534e-05  2.22753613e-04
  2.24992252e-04 -4.15740056e-07 -6.82621342e-04 -1.10763521e-04
  4.14430467e-04 -2.24590505e-04 -2.83238218e-04  4.13218138e-04
 -2.56187843e-04  1.42639687e-04 -1.71792441e-04  8.47583358e-04
  2.01496322e-04 -3.17379132e-05 -5.00476929e-04]
[0.00029789 0.00027757 0.00027676 0.00027514 0.00027916 0.00027725
 0.0002723  0.00026852 0.00026887 0.00027328 0.00027142 0.0002689
 0.0002706  0.00026965 0.00027368 0.00027463 0.0002805  0.0002875
 0.00030206]
[0.0002957  0.00027761 0.00027675 0.00027473 0.00027889 0.00027832
 0.00027231 0.00026854 0.00026904 0.0002735  0.0002722  0.00027014
 0.00027086 0.00027011 0.00027454 0.00027578 0.00028163 0.00028888
 0.00030444]
[ 1.68345572e-03  1.55941738e-03  1.46033609e-03  1.36904357e-03
  1.28000802e-03  1.19008550e-03  1.09485026e-03  9.92751200e-04
  8.81225631e-04  7.60019346e-04  6.26690887e-04  4.73563503e-04
  2.99667409e-04  9.23202722e-05 -1.52375991e-04 -4.57459062e-04
 -8.56246554e-04 -1.41196235e-03 -2.31359487e-03]
[ 8.99545454e-05  8.47690085e-05  8.06268238e-05  7.68102558e-05
  7.30880425e-05  6.93287487e-05  6.53473517e-05  6.10790064e-05
  5.64165772e-05  5.13494367e-05  4.57755175e-05  3.93738861e-05
  3.21039996e-05  2.34356614e-05  1.32059085e-05  4.51629505e-07
 -1.62200492e-05 -3.94522603e-05 -7.71458390e-05]
