mu
[ 10.28871587  10.90773132  11.60459973  12.394694    13.29822391
  14.337472    15.54307894  16.95712792  18.63198462  20.63881006
  23.07993129  26.09745338  29.90716106  34.8341561   41.41254618
  50.57402047  64.0472012   85.52953691 124.07295151]
mean1
[ 4.06562035e-04  1.15450851e-03  1.12192498e-05  3.57559690e-04
  5.26902471e-05  4.65585058e-04  1.61694558e-05  4.37651830e-04
  4.61360546e-04  5.65724903e-04  5.19801741e-04  2.57202676e-04
  2.11273717e-04 -3.74703488e-05  1.86642786e-04  3.86214455e-04
  2.52248818e-04  2.56788603e-04  2.24229280e-04]
mean2
[ 3.23450624e-04  7.27944263e-04 -1.13153524e-05 -2.09525571e-04
 -2.52242061e-04  5.95927684e-04  6.58279039e-05 -1.27982555e-04
  1.25494620e-04  3.99629341e-04  7.56812404e-04  8.97063364e-05
 -7.11665268e-05  2.62550841e-04 -1.02114258e-04  1.61674772e-04
  2.87485507e-04  3.76341130e-04  1.87356855e-04]
std1
[0.00039068 0.00039722 0.00038771 0.00034597 0.00032879 0.00030825
 0.00028541 0.00026884 0.00025574 0.00024157 0.00023264 0.00022098
 0.00021414 0.00020745 0.00020346 0.00019839 0.00019628 0.00019648
 0.00020392]
std2
[0.00038854 0.00041393 0.00037397 0.000351   0.00032506 0.0003054
 0.00028809 0.00026684 0.00025479 0.00024108 0.00023113 0.00022103
 0.00021422 0.00020729 0.00020248 0.00019864 0.00019653 0.00019619
 0.00020405]
line1
[0.00033712 0.00033629 0.00033535 0.00033428 0.00033306 0.00033166
 0.00033003 0.00032812 0.00032586 0.00032315 0.00031985 0.00031578
 0.00031064 0.00030398 0.0002951  0.00028273 0.00026454 0.00023554
 0.00018349]
line1
[0.00016476 0.00016526 0.00016583 0.00016648 0.00016722 0.00016807
 0.00016905 0.00017021 0.00017158 0.00017322 0.00017521 0.00017768
 0.00018079 0.00018482 0.0001902  0.00019768 0.00020869 0.00022625
 0.00025775]