mu1
[-0.01876232 -0.01118286 -0.00746734 -0.00473549 -0.00248373 -0.00051046
  0.00128118  0.00295304  0.00454873  0.00609796  0.00762867  0.00916805
  0.0107429   0.01238391  0.01413162  0.01604918  0.0182446   0.02093147
  0.02465414]
mu2
[-0.0187837  -0.01114672 -0.0074465  -0.00472462 -0.00247637 -0.00050541
  0.00128459  0.0029565   0.00455048  0.0060995   0.0076305   0.00916951
  0.01074421  0.01238559  0.01413323  0.016051    0.01824797  0.02093504
  0.02467356]
mean11
[ 8.52935639e-04  8.03528612e-04  1.00794374e-03  6.44520270e-04
  3.69855539e-04  1.25882656e-03  7.40824894e-04  6.89596084e-04
  2.38862637e-04  1.28244882e-04  5.52948489e-04 -2.73535690e-04
  5.77110938e-04  2.64789579e-04  7.10021281e-05  5.27419092e-05
 -3.24226520e-04 -2.90110849e-04 -5.04664553e-04]
mean12
[ 6.49164262e-04 -6.63887212e-05  2.97440135e-04 -1.75081112e-04
  8.54679905e-05  4.75169640e-04 -1.93251511e-04  4.70127453e-04
  3.53859570e-04  2.06440342e-04  3.40659449e-04  1.15810067e-04
  3.05623205e-04 -4.73356183e-05  4.99777066e-04  3.80461202e-04
  7.60762978e-06 -2.10012225e-04  3.10869318e-04]
mean21
[ 1.05238310e-04  7.36610791e-04  5.68420649e-05 -4.08897670e-05
  4.04073162e-04  3.06903745e-04  3.09819343e-04  2.05682291e-04
  5.42469540e-05  2.93972360e-04  2.25148139e-04  2.88822290e-04
  2.26649861e-04 -7.43288976e-05  5.75790608e-04  3.07667823e-04
  2.27210279e-04  4.55422578e-04  6.89046222e-04]
mean22
[ 1.03619971e-03  7.79385776e-04  2.78720332e-04  8.31321496e-04
  1.23453942e-03  4.36169965e-04  8.15254316e-04  2.81069066e-04
  3.26371502e-04  3.34302901e-04  1.39571838e-04 -1.51603797e-04
  1.23646497e-04  6.80317168e-05 -1.37860839e-04 -7.97793840e-05
 -2.72699320e-04 -3.81965003e-04 -5.56639426e-05]
std11
[0.00025715 0.00025437 0.00025261 0.00025122 0.00024883 0.00024855
 0.00024707 0.00024622 0.00024555 0.00024457 0.00024402 0.00024369
 0.00024289 0.00024207 0.00024167 0.00024188 0.00024101 0.00024067
 0.00023957]
std12
[0.00025707 0.00025385 0.00025213 0.00025066 0.00024905 0.00024805
 0.0002472  0.0002463  0.00024471 0.00024424 0.00024399 0.00024284
 0.0002419  0.00024174 0.00024188 0.00024106 0.0002404  0.00024069
 0.00023975]
std21
[0.00030764 0.00029507 0.00028078 0.00026905 0.00026061 0.00025508
 0.00025104 0.0002469  0.00024409 0.00024206 0.00023978 0.00023835
 0.0002366  0.00023463 0.00023325 0.0002324  0.00023058 0.00022897
 0.00022581]
std22
[0.00030752 0.00029553 0.00028017 0.00026892 0.00026131 0.00025525
 0.00025045 0.0002472  0.00024445 0.00024221 0.00023969 0.00023767
 0.00023587 0.00023379 0.00023314 0.00023202 0.00022996 0.00022888
 0.0002246 ]
line11
[ 1.22279190e-03  9.53293043e-04  8.21181951e-04  7.24046941e-04
  6.43982085e-04  5.73819810e-04  5.10115188e-04  4.50669753e-04
  3.93932603e-04  3.38847236e-04  2.84420588e-04  2.29685796e-04
  1.73689578e-04  1.15340923e-04  5.31984476e-05 -1.49831914e-05
 -9.30448534e-05 -1.88580417e-04 -3.20945745e-04]
line12
[0.00027207 0.00024971 0.00023875 0.00023069 0.00022404 0.00021822
 0.00021294 0.00020801 0.0002033  0.00019873 0.00019421 0.00018967
 0.00018503 0.00018018 0.00017503 0.00016937 0.0001629  0.00015497
 0.00014399]
line21
[0.00012074 0.00016977 0.00019352 0.000211   0.00022543 0.00023808
 0.00024958 0.00026031 0.00027054 0.00028049 0.00029031 0.00030019
 0.0003103  0.00032084 0.00033206 0.00034437 0.00035848 0.00037573
 0.00039973]
line22
[ 1.13357940e-03  8.70054007e-04  7.42372518e-04  6.48449807e-04
  5.70870650e-04  5.02859732e-04  4.41093194e-04  3.83401361e-04
  3.28398863e-04  2.74947482e-04  2.22118186e-04  1.69012320e-04
  1.14674959e-04  5.80364609e-05 -2.26838944e-06 -6.84439914e-05
 -1.44253674e-04 -2.36974865e-04 -3.65978172e-04]