mu
[       nan        nan        nan 0.1315652  0.15511182 0.17876358
 0.20275354 0.22822725 0.25552061 0.28503068 0.31720567 0.35283617
 0.39303647 0.43930744 0.4941752  0.5617662  0.6496893  0.77501813
 0.98744393]
mean1
[            nan             nan             nan  1.58386024e-01
 -8.07182330e-03  1.67809270e-03  5.03502223e-04 -6.14913193e-05
  4.65234045e-04  4.06151924e-04  1.66739670e-04  2.95126886e-04
  3.03557807e-04 -5.03984891e-05  9.80232960e-05  4.26175863e-04
  4.31169993e-04  6.60879755e-05  2.31248266e-04]
mean2
[            nan             nan             nan -1.20791438e-02
  4.83466299e-03  6.85534931e-03  1.50149524e-03  3.59388751e-04
 -1.04333448e-05  3.55021933e-04  2.62824558e-04  2.11587406e-04
  5.86456502e-05 -1.78625029e-04 -1.20317295e-04  3.03497745e-05
  2.09255072e-04  3.74445782e-04  3.19176616e-04]
std1
[           nan            nan            nan 2.43364333e-01
 9.56825262e-03 3.18861139e-03 8.67955138e-04 4.17092504e-04
 3.01393945e-04 2.40000488e-04 2.10770798e-04 2.03925221e-04
 1.96525790e-04 1.88320162e-04 1.87824623e-04 1.82359514e-04
 1.76261484e-04 1.70377210e-04 1.63430341e-04]
std2
[        nan         nan         nan -0.00816362  0.00453786  0.00256313
  0.00086265  0.00042759  0.00029611  0.00023528  0.00021509  0.00020072
  0.00019624  0.00019098  0.00018435  0.00018255  0.00017629  0.000171
  0.00016411]
line1
[       nan        nan        nan 0.00025942 0.00025804 0.00025666
 0.00025526 0.00025377 0.00025218 0.00025046 0.00024858 0.0002465
 0.00024415 0.00024145 0.00023825 0.0002343  0.00022917 0.00022185
 0.00020945]
line1
[           nan            nan            nan 5.86586345e-05
 6.44011590e-05 7.01693221e-05 7.60199675e-05 8.22324686e-05
 8.88887431e-05 9.60856263e-05 1.03932427e-04 1.12621953e-04
 1.22425958e-04 1.33710470e-04 1.47091559e-04 1.63575577e-04
 1.85018164e-04 2.15583219e-04 2.67389387e-04]