mu
[0.26853047 0.28941152 0.29911983 0.30589513 0.31116063 0.31563502
 0.3196636  0.32342511 0.32697124 0.33036518 0.33366065 0.33684211
 0.33989077 0.34284651 0.34572114 0.34847555 0.35113436 0.35371168
 0.35624366]
mean1
[ 5.99199332e-04  3.68730918e-05  6.21289836e-04  1.57018966e-04
  2.20981090e-05  4.82043960e-04  3.00757651e-04  1.63456351e-04
  2.19036191e-04  4.17893043e-04  4.19564367e-04  4.37455147e-04
 -2.34419045e-04 -2.69096146e-04 -8.49819506e-05  1.16148874e-04
  4.95294030e-04  5.18639150e-05 -9.00243212e-05]
mean2
[ 8.02006882e-04 -4.05850063e-04  9.63627600e-04  9.02981621e-04
  4.00018113e-04 -9.03174863e-04  4.08803197e-04 -4.88991942e-04
  6.12768128e-04 -6.72678385e-04 -3.98377153e-04 -4.69377244e-05
  1.30815516e-04 -1.15265723e-04 -2.78368479e-05 -2.07059700e-05
 -6.82639272e-04  1.17963577e-03 -2.19809420e-04]
std1
[0.00043542 0.00043863 0.00043977 0.00043989 0.00044009 0.00044012
 0.0004403  0.00044081 0.00044046 0.00044307 0.00044238 0.00044496
 0.00044417 0.00044564 0.00044565 0.00044452 0.00044719 0.00044686
 0.00044757]
std2
[0.00043345 0.00043951 0.00043936 0.00043765 0.00044042 0.00044028
 0.00043914 0.00043934 0.00044102 0.00044105 0.00044316 0.00044241
 0.00044247 0.00044464 0.0004464  0.0004426  0.00044608 0.00044505
 0.0004455 ]
line1
[4.90869326e-04 3.86829426e-04 3.38457692e-04 3.04699750e-04
 2.78464358e-04 2.56170729e-04 2.36098304e-04 2.17356548e-04
 1.99687957e-04 1.82777623e-04 1.66357951e-04 1.50506269e-04
 1.35316314e-04 1.20589356e-04 1.06266488e-04 9.25426389e-05
 7.92950967e-05 6.64535889e-05 5.38379875e-05]
line1
[ 4.94123747e-04  3.42570897e-04  2.72108756e-04  2.22934233e-04
  1.84717661e-04  1.52242976e-04  1.23003874e-04  9.57031313e-05
  6.99656460e-05  4.53326991e-05  2.14144900e-05 -1.67633929e-06
 -2.38032445e-05 -4.52557108e-05 -6.61195472e-05 -8.61108045e-05
 -1.05408235e-04 -1.24114204e-04 -1.42491099e-04]