5.413858618425997082e-02 -6.045766408270900518e-06 -3.170285642856747319e-07
6.288204387286711050e-02 -5.652887584989104488e-06 -1.863112342855252327e-07
7.303153268975286216e-02 -5.269706612841205759e-06 -8.337314826096025888e-08
8.482805678308699693e-02 -5.212643152870265911e-06 -6.036540860186748872e-08
9.855487995629444442e-02 -4.728945426686164431e-06 3.219938390379315014e-07
1.144679691556496626e-01 -4.469068638844771440e-06 1.682776614836997073e-07
1.329665076435840032e-01 -4.512163525163697913e-06 1.512449360584722277e-07
1.544592171877186004e-01 -4.683717364076786536e-06 1.826572764469278432e-07
1.793986214781738975e-01 -4.719939840215993408e-06 2.016052469022381906e-07
2.083916639943623195e-01 -3.734722355355016383e-06 5.884954388868021273e-07
2.420690688344788177e-01 -3.649968506702286550e-06 4.925235801826756075e-07
2.811610266306036610e-01 -3.458425246024763530e-06 6.052406093304452056e-07
3.265915377532285779e-01 -3.085350654355125836e-06 7.053858507634987426e-07
3.793523232689249292e-01 -2.836121962890113133e-06 9.326150759838367333e-07
4.406433288522516589e-01 -2.328879984013441223e-06 1.233971569319637258e-06
5.118245702057494517e-01 -1.775588503532355445e-06 1.444830397731403380e-06
5.944706437896533080e-01 -9.073687167505634177e-07 1.738539912942171794e-06
6.905037274057593821e-01 -4.293865637777431459e-07 1.978707394059119232e-06
8.019705252662578943e-01 5.691492625821329559e-08 2.236411294756913706e-06
9.314899344675571236e-01 6.203487236731862569e-07 2.406172837670775529e-06
