5.413858618425995001e-02 -7.871541758266745081e-06 -4.688019247824096872e-06
6.288204387286709662e-02 -8.178546066258839451e-06 -4.667691646498374478e-06
7.303153268975287604e-02 -8.001700522147639502e-06 -4.615173026251166092e-06
8.482805678308695529e-02 -7.627267897687959022e-06 -4.553317683451573564e-06
9.855487995629444442e-02 -7.612483142556966097e-06 -4.517462595612984506e-06
1.144679691556497736e-01 -7.411116830581505411e-06 -4.463112057948454658e-06
1.329665076435840032e-01 -7.443892890045343621e-06 -4.402886593693385178e-06
1.544592171877185172e-01 -7.332773209437319752e-06 -4.321507371394399499e-06
1.793986214781738697e-01 -7.165391995220510535e-06 -4.234301311960036932e-06
2.083916639943623195e-01 -6.995398639099205146e-06 -4.168055152519621578e-06
2.420690688344788177e-01 -6.774161156727466196e-06 -4.043773353510312302e-06
2.811610266306034389e-01 -6.585702595831238847e-06 -3.916628051379326888e-06
3.265915377532286334e-01 -6.384460081779726821e-06 -3.767875062973070095e-06
3.793523232689246516e-01 -6.021589088807998589e-06 -3.603320348850538810e-06
4.406433288522517144e-01 -5.745180696825835870e-06 -3.424153162067415672e-06
5.118245702057491187e-01 -5.399107986820506063e-06 -3.223775021222717014e-06
5.944706437896535300e-01 -4.977083580402999965e-06 -3.024441059744832677e-06
6.905037274057599372e-01 -4.608311695400184274e-06 -2.803234922519717767e-06
8.019705252662578943e-01 -4.132458502387430600e-06 -2.566705119041884471e-06
9.314899344675567905e-01 -3.721354264040582371e-06 -2.363080941108302990e-06
