5.413858618425993613e-02 7.690333376847858837e-07 5.528801571435623953e-07
6.288204387286715213e-02 7.550700083320254011e-07 4.109150245288703042e-07
7.303153268975287604e-02 3.642765517940778892e-07 2.814607543689985372e-07
8.482805678308691366e-02 6.614953382290546135e-07 2.315355605622528817e-07
9.855487995629440279e-02 4.300774996661874729e-07 2.950163223104458366e-07
1.144679691556497320e-01 3.685726674967484647e-07 2.235345570875453324e-07
1.329665076435839477e-01 1.929126891165319194e-07 1.939449645970098737e-07
1.544592171877184894e-01 3.056638669999551575e-07 1.939543793637187427e-07
1.793986214781740085e-01 3.580795352275402555e-07 1.857803004769924061e-07
2.083916639943623195e-01 3.465262817440209054e-07 1.971301296353536272e-07
2.420690688344790120e-01 3.064130917445489931e-07 1.456218607952879430e-07
2.811610266306036054e-01 2.435801271782781996e-07 1.414024850337404162e-07
3.265915377532285779e-01 2.376843195122856507e-07 1.288075624511399092e-07
3.793523232689249847e-01 2.483839114745033082e-07 1.269923939971583399e-07
4.406433288522518810e-01 1.825991940002334586e-07 1.039730792595797014e-07
5.118245702057490076e-01 2.420305068126610251e-07 8.968008152794557323e-08
5.944706437896536411e-01 1.365729414842554187e-07 7.513479760877340097e-08
6.905037274057590491e-01 2.262807106816866301e-07 6.854978443384318072e-08
8.019705252662584494e-01 1.545420283117308662e-07 5.258437032923045865e-08
9.314899344675571236e-01 9.335435818384577977e-08 4.709526864901617747e-08
