5.413858618425999858e-02 7.536352852544260258e-08 2.904479565173664739e-08
6.288204387286711050e-02 5.995463907873440964e-08 2.817631259516557007e-08
7.303153268975287604e-02 8.376998855734434196e-08 2.700935003251841499e-08
8.482805678308698305e-02 6.954750679230292235e-08 2.654691803781066709e-08
9.855487995629447218e-02 5.890195596038199216e-08 2.644704658187282671e-08
1.144679691556497320e-01 6.703941107051004434e-08 2.558436369185575286e-08
1.329665076435838089e-01 6.232381454929613783e-08 2.491267190209886404e-08
1.544592171877184894e-01 7.944235760532458056e-08 2.402738361688271052e-08
1.793986214781739530e-01 4.913344744444174845e-08 2.301665589469171539e-08
2.083916639943624027e-01 7.282440399414121924e-08 2.304070136408622499e-08
2.420690688344788177e-01 7.591776478918375626e-08 2.185733340612508269e-08
2.811610266306036054e-01 6.653842517391017409e-08 2.128712454055404719e-08
3.265915377532283559e-01 6.263122067875725675e-08 2.027400555253465449e-08
3.793523232689249292e-01 6.074772914038987976e-08 1.927239834661965947e-08
4.406433288522519365e-01 6.527956430967277676e-08 1.808091515606131499e-08
5.118245702057493407e-01 4.511913761677333627e-08 1.676059259945751792e-08
5.944706437896536411e-01 4.197044921268673594e-08 1.570215049492386116e-08
6.905037274057591601e-01 4.400002298209484282e-08 1.451080361983829609e-08
8.019705252662578943e-01 3.723563056791817192e-08 1.335406735658517407e-08
9.314899344675573456e-01 3.336360707931775069e-08 1.228296193205905651e-08
