5.413858618425993613e-02 5.645857597139217030e-08 -7.340984352894785719e-09
6.288204387286711050e-02 8.917145579871493978e-08 -7.381020517170610161e-09
7.303153268975291768e-02 7.815424002412555965e-08 -7.110222751314366344e-09
8.482805678308688591e-02 4.704331930989848392e-08 -6.529570448952226823e-09
9.855487995629444442e-02 4.246234662027431059e-08 -8.317773363156225074e-09
1.144679691556497181e-01 7.536391915202259781e-08 -6.378800751645277714e-09
1.329665076435840032e-01 4.004364650334197437e-08 -6.664682559189994981e-09
1.544592171877186559e-01 4.614549618376351326e-08 -6.767799705939828101e-09
1.793986214781740640e-01 5.851969662475881588e-08 -5.918108091967438664e-09
2.083916639943624582e-01 2.013478649262656934e-08 -7.791036911941576634e-09
2.420690688344791786e-01 1.755304278945723120e-08 -6.044398303412471381e-09
2.811610266306036610e-01 3.405812065776754943e-08 -6.678141730142783277e-09
3.265915377532286890e-01 1.824196060156786742e-08 -7.008393143460575811e-09
3.793523232689249292e-01 1.794481672570056021e-08 -6.912924385458182517e-09
4.406433288522519920e-01 1.589914027585582117e-08 -7.644033049696990776e-09
5.118245702057486746e-01 4.332883408608357174e-08 -8.405215804326846912e-09
5.944706437896541962e-01 1.399561376548515543e-08 -9.045978496385558378e-09
6.905037274057596042e-01 -5.161355758967017454e-09 -9.902276913639960661e-09
8.019705252662578943e-01 -5.866402770257425288e-09 -1.111303508848566532e-08
9.314899344675571236e-01 1.516649041597528534e-08 -1.214097587013490695e-08
