# # mean-theta [arcmin], ph1_p, ph1_m, weight
7.852685352111715700e-01 2.749893175952053433e-10 5.069914757042371042e-12 1.570850000000000000e+06
1.598794943927574597e+00 1.172780695275130820e-10 -2.487973994504195286e-12 6.299774000000000000e+06
3.254392636898576274e+00 4.111228762643969387e-11 1.084420645173634487e-12 2.509782800000000000e+07
6.621886521182086760e+00 1.532161773939916368e-11 7.787343197337127536e-13 9.875742800000000000e+07
1.348644037523245665e+01 5.353180559144570863e-12 -4.275221377907255630e-13 3.898845900000000000e+08
2.739130003494314991e+01 3.733225069631787880e-12 4.199583238166533137e-15 1.499567060000000000e+09
5.538834825426165054e+01 2.490450133021915011e-12 -4.692875709972124579e-13 5.309914468000000000e+09
1.101561564309840549e+02 2.074159574566270871e-12 9.685939080516538485e-14 1.451568511800000000e+10
2.199210732543262168e+02 1.215719032493184848e-12 4.542348397920340624e-13 2.322954881400000000e+10
