# # mean-theta [arcmin], ph2_p, ph2_m, weight
7.852685352111722361e-01 -3.654693496155681516e-10 3.016362420092576603e-12 1.570850000000000000e+06
1.598794943927574153e+00 -1.442148246394696066e-10 -1.866745186436116673e-11 6.299774000000000000e+06
3.254392636898579383e+00 -5.987888930627899184e-11 1.612216936847351366e-11 2.509782800000000000e+07
6.621886521182091201e+00 -3.063131193301363103e-11 6.470933566889915578e-12 9.875742800000000000e+07
1.348644037523246908e+01 -1.616641590885835771e-11 -1.570171014708934725e-13 3.898845900000000000e+08
2.739130003494314280e+01 -1.161888084154196308e-11 -3.718622662937530565e-12 1.499567060000000000e+09
5.538834825426177133e+01 -1.530249180249898572e-11 -1.141667301036582291e-12 5.309914468000000000e+09
1.101561564309840549e+02 -2.767435823412567080e-11 -2.435772999262429488e-12 1.451568511800000000e+10
2.199210732543261315e+02 -3.500308214858955927e-11 -1.261864999102417609e-11 2.322954881400000000e+10
