# # mean-theta [arcmin], ph1_p, ph1_m, weight
7.848889238850723649e-01 3.061476822846883380e-10 -1.790888402935199816e-11 2.516258000000000000e+06
1.598139005959481107e+00 1.278533383333302423e-10 3.202242270820958333e-12 9.975622000000000000e+06
3.252096191179860263e+00 5.027417297142177877e-11 -6.185752116037798145e-12 3.932759600000000000e+07
6.619063119653250560e+00 2.342205159108777843e-11 1.787893171131603819e-12 1.532012580000000000e+08
1.348987422904340328e+01 1.365362716242344443e-11 1.146564172140664320e-12 6.044973480000000000e+08
2.745270644085847778e+01 7.901375177977145450e-12 2.594646519174041505e-13 2.392282990000000000e+09
5.572802310860420505e+01 3.861143315258395855e-12 3.661258899955274452e-13 9.146903692000000000e+09
1.126779509038093892e+02 2.004170438307008979e-12 -1.534008337748216831e-13 3.201310741800000000e+10
2.239594959204292195e+02 8.140448399858323306e-13 6.827298875939252838e-13 8.553035425200000000e+10
