# # mean-theta [arcmin], ph2_p, ph2_m, weight
7.848889238850728090e-01 -4.983448471432781459e-10 9.601956644263561923e-12 2.516258000000000000e+06
1.598139005959480219e+00 -1.302652539329490691e-10 -9.188208220412305941e-12 9.975622000000000000e+06
3.252096191179865148e+00 -9.419067122961144999e-11 1.900600035786380958e-11 3.932759600000000000e+07
6.619063119653242566e+00 -3.616376688686600132e-11 -1.726097360870912392e-12 1.532012580000000000e+08
1.348987422904339439e+01 -1.898342176726858891e-11 -2.108919217652612861e-12 6.044973480000000000e+08
2.745270644085850975e+01 -3.372026375388769687e-11 2.664323837829925405e-12 2.392282990000000000e+09
5.572802310860416952e+01 -3.492562720728412510e-11 -3.809264048037704820e-12 9.146903692000000000e+09
1.126779509038093465e+02 -3.594657870062196404e-11 -1.107245520399678436e-12 3.201310741800000000e+10
2.239594959204292195e+02 -2.958576893624061313e-11 -4.573527172394708819e-12 8.553035425200000000e+10
