# # mean-theta [arcmin], ph2_p, ph2_m, weight
7.852307639041995468e-01 -7.717967665601904606e-10 4.000337635394031282e-10 2.686380000000000000e+05
1.598208765048456437e+00 -6.830201092759791070e-10 9.628584296474311521e-11 1.064010000000000000e+06
3.253569239719559469e+00 -1.239425899769071558e-10 8.583466244990541455e-11 4.227022000000000000e+06
6.621930165400460311e+00 -1.084830075058524361e-10 9.104473755726203131e-11 1.671935400000000000e+07
1.348589985360334964e+01 -1.954976603328427799e-11 3.563158650909767371e-11 6.601374200000000000e+07
2.742537188031656470e+01 3.945479514176601870e-11 -9.186265887828593704e-12 2.579787960000000000e+08
5.556382909629866163e+01 4.070978870345217852e-11 -5.205413558407401708e-12 9.522169800000000000e+08
1.116169758851612386e+02 3.022508593204272688e-11 4.685988065461849431e-12 2.969448312000000000e+09
2.162954492385611616e+02 1.353338111620224926e-11 7.679955425796580289e-12 5.492224774000000000e+09
