[-0.02019989 -0.0131037  -0.00960816 -0.0070962  -0.00505426 -0.00328492
 -0.00168198 -0.00018927  0.00123487  0.00262896  0.00402366  0.00544343
  0.00691109  0.00846235  0.01014413  0.01202325  0.01421452  0.01695096
  0.02084323]
[-0.02046494 -0.01316879 -0.00964436 -0.00711706 -0.00507253 -0.00329668
 -0.00169145 -0.00019832  0.00122672  0.00262333  0.00401928  0.00543877
  0.00690745  0.00846006  0.01014226  0.01201828  0.01421031  0.01694243
  0.020814  ]
[0.00037432 0.0005202  0.00068233 0.00061969 0.00029217 0.00046076
 0.00060803 0.00078918 0.00041139 0.00067355 0.00079225 0.00041667
 0.00084648 0.00067739 0.00063929 0.00021972 0.00053457 0.00034847
 0.00018181]
[ 1.28007620e-04  1.83984138e-04 -1.06736131e-05  1.28108529e-04
  7.82510373e-05  4.14565735e-05 -2.29660992e-05 -1.95137099e-04
 -2.36874912e-05  5.59987390e-05 -1.76290768e-04  4.50925302e-05
  3.01206676e-05  1.76591322e-04  2.40626050e-04 -5.19398451e-05
  4.97518448e-06 -7.88941300e-05 -5.77331806e-05]
[0.00067641 0.00068369 0.00064134 0.00044125 0.00073439 0.0004674
 0.00084831 0.00053426 0.00037974 0.00029518 0.0003836  0.00026667
 0.0006159  0.00037366 0.00017816 0.00044538 0.00058987 0.00058149
 0.00054292]
[ 2.93109433e-04 -1.50010315e-04  1.08086175e-04 -7.49630028e-05
  2.92812983e-04 -1.20853116e-04 -8.12362148e-05 -1.56381815e-04
 -2.27234983e-04 -3.69677028e-05 -2.69980493e-05 -5.29035217e-05
 -1.99323095e-04 -2.18411120e-04 -2.08725875e-05  2.39266782e-04
  1.32972914e-04 -6.26839376e-05  2.78716714e-04]
[0.0001625  0.00016192 0.00016175 0.00016152 0.00016132 0.00016147
 0.00016096 0.00016102 0.00016101 0.00016109 0.00016062 0.00016083
 0.00016053 0.00016068 0.00016044 0.0001604  0.00016036 0.00016066
 0.00016089]
[0.00016267 0.00016194 0.0001615  0.00016141 0.00016147 0.00016131
 0.00016118 0.00016102 0.00016072 0.00016093 0.00016078 0.00016075
 0.00016069 0.0001608  0.00016061 0.00016076 0.00016082 0.00016076
 0.0001607 ]
[0.00010784 0.00011973 0.0001298  0.00013835 0.00014634 0.00015341
 0.00015976 0.00016577 0.00017204 0.0001767  0.00017995 0.00018372
 0.00018742 0.00018949 0.00019141 0.0001931  0.00019564 0.00019842
 0.00020342]
[0.00010789 0.00011982 0.00012982 0.00013834 0.00014617 0.00015355
 0.00015986 0.00016607 0.00017206 0.00017681 0.00018016 0.00018401
 0.0001875  0.00018969 0.00019137 0.00019307 0.00019549 0.00019854
 0.00020319]
[0.00060406 0.00058106 0.00056973 0.00056159 0.00055497 0.00054924
 0.00054404 0.00053921 0.00053459 0.00053007 0.00052555 0.00052095
 0.00051619 0.00051117 0.00050572 0.00049963 0.00049252 0.00048365
 0.00047104]
[ 1.00084112e-04  7.66776697e-05  6.51478155e-05  5.68622119e-05
  5.01269780e-05  4.42909010e-05  3.90036720e-05  3.40800398e-05
  2.93825628e-05  2.47842393e-05  2.01838880e-05  1.55008410e-05
  1.06598080e-05  5.54305253e-06 -4.21191488e-09 -6.20238460e-06
 -1.34302023e-05 -2.24562180e-05 -3.52946772e-05]
[0.00067764 0.00062485 0.00059935 0.00058106 0.00056627 0.00055342
 0.00054181 0.00053101 0.0005207  0.00051059 0.00050049 0.00049022
 0.0004796  0.00046836 0.00045619 0.00044262 0.00042676 0.00040699
 0.00037898]
[ 7.82136171e-05  5.21126074e-05  3.95044049e-05  3.04633285e-05
  2.31493137e-05  1.67964249e-05  1.10539412e-05  5.71247849e-06
  6.14561316e-07 -4.38161638e-06 -9.37545041e-06 -1.44534763e-05
 -1.97074674e-05 -2.52617352e-05 -3.12795995e-05 -3.79907977e-05
 -4.58324971e-05 -5.56062998e-05 -6.94563262e-05]
