[0.27549211 0.29608962 0.30529694 0.31192279 0.31720232 0.32167056
 0.32564325 0.32923667 0.33251366 0.33553614 0.33839326 0.34111284
 0.34370301 0.34617594 0.34854415 0.35081699 0.35299184 0.35507381
 0.35709036]
[-4.65154885e-04  1.30725842e-03  2.57197765e-04  5.29536347e-04
  7.12575532e-04 -8.27110492e-05  8.06892476e-04  3.81785103e-04
  4.56399966e-04  1.23350187e-03  8.53147920e-04  1.16030778e-03
  7.01780713e-04  1.03857724e-03  3.74963018e-04  4.11458953e-04
  5.37252343e-05  6.77143300e-04  6.94999554e-04]
[-3.80888079e-04 -3.68555620e-04 -3.53824997e-04  6.64013918e-04
 -3.64098041e-04  4.91965504e-04  4.54921920e-04  3.23436995e-04
  3.56229947e-04  1.81511009e-04  1.50398078e-04 -4.04856879e-04
  3.83391369e-04 -1.22925463e-03 -1.36522841e-04  2.35270210e-04
 -2.31493985e-04 -3.41887837e-04  4.51070331e-05]
[0.00034476 0.0003426  0.00034271 0.00034198 0.00034103 0.00034277
 0.0003429  0.00034236 0.00034108 0.00034262 0.00034178 0.00034174
 0.00034091 0.00034268 0.00034203 0.00034203 0.00034244 0.00034218
 0.00034178]
[0.00034428 0.0003434  0.00034301 0.00034289 0.00034246 0.0003433
 0.00034245 0.00034155 0.00034329 0.0003431  0.00034213 0.00034323
 0.00034212 0.00034204 0.00034195 0.00034394 0.00034311 0.00034134
 0.00034238]
[0.00026012 0.00038117 0.00043529 0.00047423 0.00050526 0.00053152
 0.00055487 0.00057599 0.00059525 0.00061301 0.0006298  0.00064578
 0.00066101 0.00067554 0.00068946 0.00070282 0.0007156  0.00072784
 0.00073969]
[-4.13009506e-05 -3.62583743e-05 -3.40042843e-05 -3.23821800e-05
 -3.10896706e-05 -2.99957801e-05 -2.90232068e-05 -2.81434848e-05
 -2.73412295e-05 -2.66012798e-05 -2.59018140e-05 -2.52360227e-05
 -2.46019103e-05 -2.39965006e-05 -2.34167265e-05 -2.28603004e-05
 -2.23278666e-05 -2.18181678e-05 -2.13244884e-05]
