[ 10.35824045  11.10846696  11.95545512  12.82989279  13.88082553
  15.01851468  16.39519381  17.93811804  19.81461801  21.9729759
  24.61048691  27.83559854  31.78272179  36.73939052  43.1987782
  51.94068829  64.42296593  83.74109806 117.70791721]
[0.00128081 0.00056845 0.00075101 0.00089445 0.00075627 0.00075216
 0.00062077 0.00039875 0.00058953 0.00060568 0.0004937  0.00071587
 0.00016171 0.00050667 0.00037426 0.00032779 0.00044799 0.00082783
 0.00029776]
[ 3.64505812e-04 -2.74522097e-04  4.26191670e-04  1.85452580e-04
  1.29201784e-04 -7.37123833e-05  1.07025318e-04  5.77275936e-05
 -8.23866127e-05  6.51009786e-05  2.68018817e-04 -4.30393035e-05
  1.08900140e-04 -8.09830255e-05 -2.58478344e-04 -4.06340860e-05
 -1.14541204e-04 -4.78882401e-05  8.84989033e-05]
[0.00020802 0.00020178 0.00018692 0.0001818  0.00016813 0.00016332
 0.00015484 0.00015108 0.00014568 0.00014374 0.00014085 0.00013979
 0.00013883 0.00013903 0.00013923 0.00014036 0.00014276 0.00014584
 0.00015478]
[0.00021067 0.00020234 0.00018729 0.00018051 0.00016848 0.0001625
 0.00015522 0.00015124 0.00014556 0.0001445  0.00014021 0.00013949
 0.00013898 0.00013925 0.00013931 0.00014035 0.00014276 0.00014599
 0.00015516]
[0.00063516 0.000633   0.00063057 0.00062806 0.00062504 0.00062177
 0.00061782 0.00061339 0.000608   0.0006018  0.00059422 0.00058496
 0.00057362 0.00055939 0.00054083 0.00051572 0.00047987 0.00042439
 0.00032683]
[ 6.29063553e-05  6.18063778e-05  6.05645289e-05  5.92824338e-05
  5.77415626e-05  5.60734897e-05  5.40550112e-05  5.17927851e-05
  4.90414723e-05  4.58769012e-05  4.20097986e-05  3.72811597e-05
  3.14939117e-05  2.42264743e-05  1.47557595e-05  1.93842437e-06
 -1.63630148e-05 -4.46871421e-05 -9.44890848e-05]
