[0.21527113 0.25110643 0.27583401 0.29867994 0.32145514 0.34500433
 0.36985912 0.39646066 0.42527823 0.45680712 0.49170512 0.53086378
 0.57545531 0.62730844 0.68910491 0.765366   0.86424401 1.00317084
 1.23012101]
[0.00122354 0.0009755  0.00104078 0.00069828 0.00100327 0.00061126
 0.00040627 0.00058409 0.00052021 0.00045441 0.0006589  0.00054037
 0.00049527 0.00058442 0.00035823 0.00047019 0.00016807 0.00013248
 0.00021668]
[-2.66964826e-04 -1.60386604e-04 -1.32636031e-04 -1.46810512e-04
 -1.80127903e-04  1.54071564e-04  1.50646675e-04  4.48669996e-05
 -4.64211827e-05  6.33016029e-05  7.60389574e-05  9.69197427e-06
  5.03503178e-05 -1.56527697e-04  3.70133192e-04  2.46471783e-04
  2.50499595e-05  2.75799012e-06  1.48157692e-04]
[0.00021085 0.00017827 0.00017208 0.00016591 0.00016289 0.00015983
 0.00015714 0.00015761 0.00015737 0.00015482 0.00015503 0.00015585
 0.00015311 0.00015266 0.00015177 0.00015392 0.00015091 0.00015191
 0.00015602]
[0.00021119 0.00018159 0.00016964 0.00016735 0.00016379 0.00016138
 0.00015906 0.00015924 0.00015569 0.00015697 0.00015542 0.0001537
 0.00015381 0.00015322 0.00015208 0.00015071 0.00015176 0.00014985
 0.00015485]
[8.31658800e-04 8.02379202e-04 7.82175281e-04 7.63508781e-04
 7.44900078e-04 7.25658970e-04 7.05351117e-04 6.83616058e-04
 6.60070370e-04 6.34309374e-04 6.05795608e-04 5.73800627e-04
 5.37366669e-04 4.94999537e-04 4.44508109e-04 3.82198214e-04
 3.01408932e-04 1.87897359e-04 2.46543023e-06]
[-5.95104664e-05 -5.04374694e-05 -4.41767918e-05 -3.83925218e-05
 -3.26261617e-05 -2.66638352e-05 -2.03709522e-05 -1.36358141e-05
 -6.33960898e-06  1.64306370e-06  1.04787491e-05  2.03931738e-05
  3.16831237e-05  4.48116125e-05  6.04576121e-05  7.97658517e-05
  1.04800380e-04  1.39974708e-04  1.97435311e-04]
