mu
[       nan        nan 0.50284304 0.5414802  0.59068994 0.63819787
 0.68636711 0.73655908 0.78986122 0.84728462 0.91008287 0.97966074
 1.05779648 1.14709748 1.25152921 1.37662067 1.5321701  1.736447
 2.02973578]
mean1
[            nan             nan  4.63284794e-04  6.11179878e-04
  5.60741411e-04  1.09811236e-04 -2.14596293e-05  1.84707060e-04
  2.90703682e-04 -3.63758867e-05  2.90947355e-06 -2.17468206e-04
 -2.57879151e-04 -3.45392263e-04 -2.35069671e-04 -5.58011044e-04
 -9.91873619e-04 -1.02364134e-03 -1.51256274e-03]
mean2
[            nan             nan -1.48209171e-04 -1.16994456e-05
  2.26346389e-04  1.75144953e-04 -1.65562486e-04  3.98245571e-04
  2.96095494e-04  1.59041857e-04  2.90703287e-04  3.28691616e-04
  3.02659184e-04  2.78904296e-04  6.77627957e-04  5.55054959e-04
  6.50369496e-04  6.39687646e-04  9.42422567e-04]
std1
[       nan        nan 0.00019783 0.00012887 0.00012892 0.00012987
 0.00013121 0.00013285 0.00013481 0.00013719 0.00013996 0.00014286
 0.00014644 0.00015064 0.00015506 0.00016094 0.00016794 0.00017659
 0.00018688]
std2
[       nan        nan 0.00019784 0.00012913 0.00012911 0.00013009
 0.00013144 0.00013307 0.00013509 0.00013759 0.00014036 0.0001435
 0.00014702 0.00015115 0.00015589 0.00016194 0.00016875 0.00017779
 0.00018809]
line1
[            nan             nan  4.89814671e-04  4.40235526e-04
  3.77089656e-04  3.16127545e-04  2.54316838e-04  1.89910586e-04
  1.21513352e-04  4.78277263e-05 -3.27548969e-05 -1.22037118e-04
 -2.22300797e-04 -3.36891711e-04 -4.70898351e-04 -6.31415533e-04
 -8.31016345e-04 -1.09314417e-03 -1.46949192e-03]
line1
[           nan            nan 3.17501561e-05 5.44385017e-05
 8.33352345e-05 1.11232638e-04 1.39518375e-04 1.68991883e-04
 2.00291738e-04 2.34011660e-04 2.70887778e-04 3.11744995e-04
 3.57627532e-04 4.10066481e-04 4.71390429e-04 5.44846098e-04
 6.36187168e-04 7.56141772e-04 9.28365548e-04]