mu
[10.45559908 11.20605968 12.00442106 12.80388197 13.6023614  14.45156719
 15.4000661  16.39918921 17.49780475 18.69698212 19.99535087 21.44246586
 23.08736746 24.98411811 27.12846677 29.61752598 32.60483141 36.23714425
 40.70847725]
mean1
[-8.16782391e-04 -8.61191970e-04 -7.85061981e-04 -8.15252084e-04
 -2.93156257e-04 -3.72701381e-04  1.06842732e-04 -3.70368315e-04
 -3.10719098e-04 -2.20047469e-04  3.26166185e-04  5.04183759e-04
  5.20264845e-05  2.50164478e-04  1.64182669e-04  4.68144008e-04
  4.88696230e-04  6.97282310e-04  2.94021646e-04]
mean2
[2.64837195e-04 6.96853922e-04 4.47222441e-04 3.29158699e-04
 3.96859679e-05 1.75515909e-05 1.14088327e-04 2.38356607e-04
 3.50344554e-04 2.00014161e-04 5.00602177e-04 7.46155173e-04
 7.21189854e-04 2.66338573e-04 1.19540482e-04 2.42349705e-04
 3.62942840e-04 4.52165555e-04 2.76888988e-04]
std1
[0.00025152 0.00022548 0.00021979 0.00021714 0.00021595 0.00020225
 0.00019171 0.00019345 0.00017797 0.00018125 0.00017116 0.0001697
 0.00015958 0.0001574  0.00015356 0.00015006 0.00014468 0.00014206
 0.00014007]
std2
[0.00025388 0.00022744 0.0002224  0.00021937 0.00021787 0.0002033
 0.00019245 0.00019448 0.00017889 0.00018149 0.00017147 0.00016985
 0.00015958 0.00015758 0.00015366 0.00014959 0.00014445 0.00014195
 0.00014011]
line1
[-4.75484964e-04 -4.45000288e-04 -4.12569821e-04 -3.80094691e-04
 -3.47659429e-04 -3.13163596e-04 -2.74634350e-04 -2.34048683e-04
 -1.89421506e-04 -1.40709378e-04 -8.79679688e-05 -2.91842955e-05
  3.76337245e-05  1.14682177e-04  2.01788379e-04  3.02897168e-04
  4.24245358e-04  5.71794581e-04  7.53425882e-04]
line1
[0.00033434 0.00033485 0.0003354  0.00033595 0.00033649 0.00033707
 0.00033772 0.0003384  0.00033915 0.00033997 0.00034086 0.00034184
 0.00034297 0.00034426 0.00034573 0.00034743 0.00034947 0.00035195
 0.000355  ]