mu
[0.07111457 0.1314721  0.17011671 0.19904625 0.22354263 0.24493997
 0.26407236 0.28096632 0.29541574 0.30846401 0.3200932  0.33024666
 0.33774145 0.33977935 0.34014244 0.34036104 0.34053322 0.34223811
 0.34898588]
mean1
[-2.83144263e-03 -2.56300846e-03 -3.17573718e-03 -2.97895720e-03
 -6.18117741e-03  4.45343901e-04 -2.99911253e-05 -2.35378854e-03
  6.78811066e-04 -3.72650213e-04 -2.89706180e-03 -4.48823165e-03
 -2.56650121e-04 -8.69412400e-04  7.57980437e-04 -1.24294080e-03
 -2.18805039e-03 -1.78401072e-03 -2.74891006e-03]
mean2
[ 5.42439725e-03  1.91570131e-03  1.82450686e-03  1.93181007e-03
 -8.89988530e-05  3.34681590e-04  3.62536204e-03  5.03243394e-03
  3.28636838e-03  2.29293353e-03  1.71025485e-03  1.46255238e-03
  3.33170794e-03  3.35600577e-04  2.73958280e-03  3.56091179e-03
  4.12137345e-03  2.40121472e-03  2.05346136e-03]
std1
[0.00285281 0.00290862 0.00296189 0.00294569 0.00296101 0.00289598
 0.00283258 0.00266133 0.00249052 0.00234335 0.00224796 0.00217611
 0.00241713 0.00272043 0.00272583 0.00268878 0.00264049 0.00233576
 0.00201013]
std2
[0.00279816 0.00280099 0.00286211 0.00285793 0.00290177 0.00287832
 0.00279313 0.00258436 0.00251995 0.00231258 0.00221138 0.00213808
 0.00258082 0.00296741 0.00297372 0.00290435 0.00283528 0.00243348
 0.00202906]
line1
[-0.00308233 -0.00274339 -0.00252638 -0.00236393 -0.00222637 -0.00210621
 -0.00199878 -0.00190391 -0.00182277 -0.0017495  -0.00168419 -0.00162717
 -0.00158509 -0.00157364 -0.00157161 -0.00157038 -0.00156941 -0.00155984
 -0.00152195]
line1
[0.0029756  0.00283091 0.00273828 0.00266893 0.00261021 0.00255892
 0.00251305 0.00247255 0.00243792 0.00240664 0.00237876 0.00235442
 0.00233646 0.00233157 0.0023307  0.00233018 0.00232976 0.00232568
 0.0023095 ]