mu1
[-0.02268034 -0.01465928 -0.01024202 -0.00725326 -0.00491861 -0.00298541
 -0.00128913  0.00025544  0.00175135  0.00319783  0.00464874  0.00614809
  0.00769369  0.00933855  0.01113167  0.01321546  0.01578929  0.01910283
  0.02391096]
mu2
[-0.02253938 -0.01467993 -0.010253   -0.00727631 -0.00493439 -0.00299402
 -0.00130219  0.0002478   0.00174276  0.00319301  0.00463356  0.00613806
  0.00768389  0.00932475  0.01111291  0.01320135  0.01577412  0.01906631
  0.0239076 ]
mean11
[-3.08197148e-04  9.26607303e-05  1.34142339e-05 -1.73594869e-04
  1.60335617e-04  5.42476962e-05 -2.83636288e-05  3.81744596e-06
  1.08318546e-04  7.73915669e-05  1.94994235e-04  1.14452134e-04
  1.70312138e-04  6.96930805e-05 -7.35017974e-05  1.96803450e-04
  5.14763040e-05  2.65310576e-04  1.08639490e-04]
mean12
[ 4.52770911e-04  3.29511427e-04 -1.33160509e-05  1.78393428e-04
  1.09779751e-04  2.93957268e-04  2.70101453e-04  2.58979124e-04
  2.99744175e-04  1.99236625e-04  5.49722710e-04  2.51653326e-04
  3.37912356e-04  2.52355863e-04  4.77556035e-04  4.54810480e-04
  3.71106637e-04  1.79105025e-04  4.11970754e-04]
mean21
[ 9.37565068e-05 -6.44244086e-05 -9.24107409e-06  1.40128776e-04
  7.85771574e-05  1.99331623e-04  1.04766259e-04  1.31555773e-04
 -7.13994034e-05 -7.28276696e-05 -3.19970364e-04  3.55490148e-04
 -2.30948907e-05 -2.97229835e-06 -1.19272047e-04  6.20614808e-05
  1.13496531e-04  2.93861436e-04 -1.58556625e-05]
mean22
[3.21131467e-04 5.08833705e-04 4.41796174e-04 3.64640405e-04
 4.12841627e-04 1.72657952e-04 1.38439213e-04 3.15245894e-04
 3.67412344e-04 3.48007596e-04 2.61828117e-04 3.19599916e-04
 3.38061206e-04 5.10724603e-05 2.24643870e-04 2.27777630e-04
 6.13083049e-05 2.58928788e-04 4.44912788e-04]
std11
[0.00014984 0.00014886 0.0001513  0.00015214 0.00015209 0.00015204
 0.00015388 0.0001537  0.00015156 0.0001571  0.00015219 0.00015435
 0.00015144 0.00015367 0.00015298 0.00014946 0.00015092 0.00015084
 0.00014947]
std12
[0.00015007 0.00014943 0.00015165 0.00015248 0.00015299 0.00015245
 0.00015448 0.00015416 0.00015201 0.00015732 0.00015281 0.00015497
 0.0001523  0.00015405 0.00015351 0.00014996 0.00015101 0.00015136
 0.00014979]
std21
[0.00011773 0.00011185 0.0001148  0.00011983 0.00012751 0.00013356
 0.00014103 0.00014726 0.00014761 0.00015828 0.00015966 0.00017012
 0.00017528 0.00018502 0.0001956  0.00020192 0.00020724 0.0002211
 0.0002296 ]
std22
[0.00011821 0.00011219 0.0001149  0.00012019 0.00012805 0.00013395
 0.00014166 0.00014762 0.00014816 0.00015873 0.00015978 0.00017064
 0.00017594 0.0001852  0.00019678 0.00020222 0.00020791 0.00022182
 0.00023049]
line11
[-1.17033240e-04 -6.18006030e-05 -3.13836373e-05 -1.08031541e-05
  5.27308216e-06  1.85850142e-05  3.02655191e-05  4.09013669e-05
  5.12020631e-05  6.11624538e-05  7.11533649e-05  8.14778289e-05
  9.21206944e-05  1.03447167e-04  1.15794473e-04  1.30143370e-04
  1.47866603e-04  1.70683436e-04  2.03791996e-04]
line12
[0.00022746 0.00025011 0.00026258 0.00027102 0.00027762 0.00028307
 0.00028786 0.00029223 0.00029645 0.00030053 0.00030463 0.00030886
 0.00031323 0.00031787 0.00032294 0.00032882 0.00033609 0.00034544
 0.00035902]
line21
[4.42004507e-05 4.42334676e-05 4.42520647e-05 4.42645695e-05
 4.42744077e-05 4.42825590e-05 4.42896663e-05 4.42961776e-05
 4.43024578e-05 4.43085502e-05 4.43146018e-05 4.43209221e-05
 4.43274160e-05 4.43343090e-05 4.43418210e-05 4.43505943e-05
 4.43614023e-05 4.43752325e-05 4.43955703e-05]
line22
[0.0004246  0.00038452 0.00036194 0.00034676 0.00033482 0.00032493
 0.0003163  0.00030839 0.00030077 0.00029337 0.00028603 0.00027835
 0.00027047 0.0002621  0.00025298 0.00024233 0.00022921 0.00021242
 0.00018774]